8 2 1 -2 621.5 455.5 215 165 1 -1 -1 -1 
9 2 1 -2 618.5 452.5 209 159 1 -1 -1 -1 
10 2 1 -2 618 451.5 204 155 1 -1 -1 -1 
11 2 1 -2 613.5 450.5 203 153 1 -1 -1 -1 
12 2 1 -2 613.5 450 199 150 1 -1 -1 -1 
13 2 1 -2 611.5 449.5 197 149 1 -1 -1 -1 
14 2 1 -2 609 447 196 146 1 -1 -1 -1 
15 2 1 -2 608 446.5 194 143 1 -1 -1 -1 
16 2 1 -2 606.5 445 187 140 1 -1 -1 -1 
17 2 1 -2 606.5 445 185 140 1 -1 -1 -1 
18 2 1 -2 605.5 444.5 183 139 1 -1 -1 -1 
19 2 1 -2 605.5 444.5 183 139 1 -1 -1 -1 
20 2 1 -2 608.5 429 215 164 1 -1 -1 -1 
21 2 1 -2 606.5 428.5 215 165 1 -1 -1 -1 
22 2 1 -2 606 427.5 214 165 1 -1 -1 -1 
23 2 1 -2 605.5 427.5 211 163 1 -1 -1 -1 
24 2 1 -2 604 427.5 210 163 1 -1 -1 -1 
25 2 1 -2 603.5 427.5 209 163 1 -1 -1 -1 
26 2 1 -2 602.5 425.5 207 161 1 -1 -1 -1 
27 2 1 -2 602 426.5 204 161 1 -1 -1 -1 
28 2 1 -2 601.5 425.5 205 161 1 -1 -1 -1 
29 2 1 -2 600.5 425 203 160 1 -1 -1 -1 
30 2 1 -2 599.5 424.5 203 159 1 -1 -1 -1 
31 2 1 -2 598.5 424 201 158 1 -1 -1 -1 
32 2 1 -2 598 423.5 200 157 1 -1 -1 -1 
33 2 1 -2 597 424 200 156 1 -1 -1 -1 
34 2 1 -2 596 422.5 198 155 1 -1 -1 -1 
35 2 1 -2 596 422 198 154 1 -1 -1 -1 
36 2 1 -2 595.5 421.5 197 153 1 -1 -1 -1 
37 2 1 -2 596 422 198 152 1 -1 -1 -1 
38 2 1 -2 595.5 420.5 197 151 1 -1 -1 -1 
39 2 1 -2 594.5 420.5 193 149 1 -1 -1 -1 
40 2 1 -2 594.5 420.5 195 149 1 -1 -1 -1 
41 2 1 -2 592.5 420.5 189 147 1 -1 -1 -1 
42 2 1 -2 592.5 420 191 148 1 -1 -1 -1 
43 2 1 -2 592.5 419.5 191 147 1 -1 -1 -1 
44 2 1 -2 591.5 419 189 146 1 -1 -1 -1 
45 2 1 -2 591.5 419 185 144 1 -1 -1 -1 
46 2 1 -2 590 417.5 188 143 1 -1 -1 -1 
47 2 1 -2 590 417.5 186 141 1 -1 -1 -1 
48 2 1 -2 590 416.5 188 141 1 -1 -1 -1 
49 2 1 -2 590.5 416 183 140 1 -1 -1 -1 
50 2 1 -2 591 416 182 138 1 -1 -1 -1 
51 2 1 -2 591 415 182 138 1 -1 -1 -1 
52 2 1 -2 591 415 178 136 1 -1 -1 -1 
53 2 1 -2 591.5 414 179 136 1 -1 -1 -1 
54 2 1 -2 590.5 414.5 175 135 1 -1 -1 -1 
55 2 1 -2 590.5 414.5 175 135 1 -1 -1 -1 
56 2 1 -2 590.5 413.5 175 135 1 -1 -1 -1 
57 2 1 -2 591 413 174 134 1 -1 -1 -1 
58 2 1 -2 591 413 172 132 1 -1 -1 -1 
59 2 1 -2 591 413 172 132 1 -1 -1 -1 
60 2 1 -2 591.5 413 169 130 1 -1 -1 -1 
61 2 1 -2 591 412.5 170 131 1 -1 -1 -1 
62 2 1 -2 591.5 412 169 130 1 -1 -1 -1 
63 2 1 -2 591 411.5 168 129 1 -1 -1 -1 
64 2 1 -2 590.5 411 167 128 1 -1 -1 -1 
65 2 1 -2 590.5 410.5 165 127 1 -1 -1 -1 
66 2 1 -2 589 409.5 162 125 1 -1 -1 -1 
67 2 1 -2 589.5 409.5 159 123 1 -1 -1 -1 
68 2 1 -2 588.5 409.5 159 123 1 -1 -1 -1 
68 5 2 0 199 347.5 396 695 1 -1 -1 -1 
69 2 1 -2 587.5 409 161 122 1 -1 -1 -1 
69 5 2 0 224 355.5 446 711 1 -1 -1 -1 
70 2 1 -2 587.5 408 159 122 1 -1 -1 -1 
70 5 2 0 239.5 353.5 467 707 1 -1 -1 -1 
71 2 1 -2 587 407 160 120 1 -1 -1 -1 
71 5 2 0 262.5 337.5 515 675 1 -1 -1 -1 
71 0 3 0 44.5 225 81 192 1 -1 -1 -1 
72 2 1 -2 592.5 406.5 145 117 1 -1 -1 -1 
72 5 2 0 272.5 333 533 666 1 -1 -1 -1 
72 0 3 0 27.5 240.5 37 165 1 -1 -1 -1 
73 2 1 -2 602 403.5 124 115 1 -1 -1 -1 
73 5 2 0 290.5 317 533 626 1 -1 -1 -1 
73 0 3 0 17 243.5 34 161 1 -1 -1 -1 
73 0 5 0 324 283.5 78 117 1 -1 -1 -1 
74 2 1 -2 602.5 402 117 110 1 -1 -1 -1 
74 5 2 0 280 311.5 548 623 1 -1 -1 -1 
74 0 5 0 348.5 283.5 71 109 1 -1 -1 -1 
74 0 6 0 173.5 255.5 113 161 1 -1 -1 -1 
75 2 1 -2 602.5 401.5 115 107 1 -1 -1 -1 
75 5 2 0 272 309.5 540 619 1 -1 -1 -1 
75 0 5 0 359.5 284 71 106 1 -1 -1 -1 
75 0 6 0 200 259 108 158 1 -1 -1 -1 
76 2 1 -2 604 400.5 102 103 1 -1 -1 -1 
76 5 2 0 287.5 305 563 606 1 -1 -1 -1 
76 0 5 0 381.5 287 65 102 1 -1 -1 -1 
76 0 6 0 239 263.5 96 153 1 -1 -1 -1 
77 2 1 -2 606.5 401 95 102 1 -1 -1 -1 
77 5 2 0 291 305.5 566 605 1 -1 -1 -1 
77 0 5 0 390.5 289.5 61 103 1 -1 -1 -1 
77 0 6 0 255 265 88 146 1 -1 -1 -1 
77 0 8 0 336 281.5 46 111 1 -1 -1 -1 
78 2 1 -2 610 400 86 102 1 -1 -1 -1 
78 5 2 -2 295.5 303 575 590 1 -1 -1 -1 
78 0 5 0 405 290 60 100 1 -1 -1 -1 
78 0 6 0 279 268 82 140 1 -1 -1 -1 
79 2 1 1 614 398 72 98 1 -1 -1 -1 
79 5 2 -2 299.5 293 595 576 1 -1 -1 -1 
79 0 5 0 425 291 56 96 1 -1 -1 -1 
79 0 6 0 308.5 271 73 132 1 -1 -1 -1 
80 2 1 1 616.5 397 61 94 1 -1 -1 -1 
80 5 2 -2 303.5 289 599 562 1 -1 -1 -1 
80 0 5 0 437 294 52 94 1 -1 -1 -1 
80 0 6 0 324 275 72 132 1 -1 -1 -1 
80 0 8 0 384.5 288 43 100 1 -1 -1 -1 
81 2 1 1 623 396 48 90 1 -1 -1 -1 
81 5 2 -2 309 292.5 602 537 1 -1 -1 -1 
81 0 5 0 456 295 52 90 1 -1 -1 -1 
81 0 6 0 353 275.5 62 121 1 -1 -1 -1 
82 2 1 1 625 394.5 42 87 1 -1 -1 -1 
82 5 2 -2 313.5 292 609 528 1 -1 -1 -1 
82 0 5 0 465.5 297 49 88 1 -1 -1 -1 
82 0 6 0 376 278.5 58 115 1 -1 -1 -1 
83 2 1 1 629 396.5 28 85 1 -1 -1 -1 
83 5 2 -2 318 293.5 628 509 1 -1 -1 -1 
83 0 5 0 480 297 54 84 1 -1 -1 -1 
84 2 1 1 631.5 404.5 23 73 1 -1 -1 -1 
84 5 2 -2 322 295.5 638 485 1 -1 -1 -1 
84 0 5 0 500.5 295 49 72 1 -1 -1 -1 
84 0 6 0 456 296 44 88 1 -1 -1 -1 
85 2 1 1 634 405 18 68 1 -1 -1 -1 
85 5 2 -2 322.5 297.5 641 473 1 -1 -1 -1 
85 0 5 0 509 296.5 46 73 1 -1 -1 -1 
86 5 2 -2 324 302.5 642 445 1 -1 -1 -1 
87 5 2 -2 337 303.5 614 435 1 -1 -1 -1 
88 5 2 -2 353.5 305 585 416 1 -1 -1 -1 
89 5 2 -2 381 308 540 396 1 -1 -1 -1 
90 5 2 -2 394 310.5 514 387 1 -1 -1 -1 
91 5 2 -2 414.5 315 473 366 1 -1 -1 -1 
92 5 2 -2 424.5 316.5 453 359 1 -1 -1 -1 
93 5 2 -2 439 318 430 348 1 -1 -1 -1 
94 5 2 -2 455 321 400 332 1 -1 -1 -1 
95 5 2 -2 463.5 324 383 324 1 -1 -1 -1 
96 5 2 -2 476 325 358 312 1 -1 -1 -1 
97 5 2 -2 483 326.5 344 305 1 -1 -1 -1 
98 5 2 -2 491 327.5 328 297 1 -1 -1 -1 
99 5 2 -2 501 329.5 306 287 1 -1 -1 -1 
100 5 2 -2 505.5 331 297 282 1 -1 -1 -1 
101 5 2 -2 514 332.5 280 273 1 -1 -1 -1 
102 5 2 -2 519 336 276 272 1 -1 -1 -1 
103 5 2 -2 523.5 333 269 262 1 -1 -1 -1 
104 5 2 -2 530 333.5 260 253 1 -1 -1 -1 
105 5 2 -2 533.5 334 255 250 1 -1 -1 -1 
106 5 2 -2 539 335.5 246 243 1 -1 -1 -1 
107 5 2 -2 540 336 240 240 1 -1 -1 -1 
108 5 2 -2 543.5 336 231 236 1 -1 -1 -1 
109 5 2 -2 548 336.5 224 231 1 -1 -1 -1 
110 5 2 -2 550.5 336.5 223 229 1 -1 -1 -1 
111 5 2 -2 555 337 220 226 1 -1 -1 -1 
112 5 2 -2 557.5 337 217 224 1 -1 -1 -1 
113 5 2 -2 560.5 337.5 215 221 1 -1 -1 -1 
114 5 2 -2 560.5 337 215 222 1 -1 -1 -1 
115 5 2 -2 560.5 337 215 222 1 -1 -1 -1 
116 5 2 -2 560.5 337 215 222 1 -1 -1 -1 
117 5 2 -2 560.5 337 215 222 1 -1 -1 -1 
118 5 2 -2 560.5 337 215 222 1 -1 -1 -1 
119 5 2 -2 560.5 337 215 222 1 -1 -1 -1 
120 5 2 -2 560.5 337 215 222 1 -1 -1 -1 
