8 2 1 0 427 373 84 58 1 -1 -1 -1 
9 2 1 0 428 373 82 60 1 -1 -1 -1 
10 2 1 0 426 372 84 61 1 -1 -1 -1 
11 2 1 0 425 373 84 60 1 -1 -1 -1 
12 2 1 0 424 373 86 62 1 -1 -1 -1 
13 2 1 0 421 373 88 62 1 -1 -1 -1 
14 2 1 0 421 373 86 62 1 -1 -1 -1 
15 2 1 0 420 372 88 64 1 -1 -1 -1 
16 2 1 0 419 373 87 63 1 -1 -1 -1 
17 2 1 0 418 373 88 64 1 -1 -1 -1 
18 2 1 0 417 372 90 66 1 -1 -1 -1 
19 2 1 0 383 343 109 78 1 -1 -1 -1 
20 2 1 0 380 342 113 79 1 -1 -1 -1 
21 2 1 0 378 342 113 80 1 -1 -1 -1 
21 2 2 0 522 357 23 14 1 -1 -1 -1 
22 2 1 0 378 342 114 81 1 -1 -1 -1 
22 2 2 0 520 356 27 16 1 -1 -1 -1 
23 2 1 0 377 342 115 82 1 -1 -1 -1 
23 2 2 0 519 356 26 17 1 -1 -1 -1 
24 2 1 0 377 341 115 83 1 -1 -1 -1 
24 2 2 0 517 356 28 18 1 -1 -1 -1 
25 2 1 0 377 341 114 84 1 -1 -1 -1 
25 2 2 0 517 356 27 17 1 -1 -1 -1 
26 2 1 0 375 340 116 85 1 -1 -1 -1 
26 2 2 0 514 357 28 16 1 -1 -1 -1 
27 2 1 0 374 340 116 86 1 -1 -1 -1 
27 2 2 0 513 357 30 17 1 -1 -1 -1 
28 2 1 0 373 340 118 87 1 -1 -1 -1 
28 2 2 0 512 358 30 19 1 -1 -1 -1 
29 2 1 0 369 340 119 88 1 -1 -1 -1 
29 2 2 0 510 357 30 20 1 -1 -1 -1 
30 2 1 0 370 340 119 87 1 -1 -1 -1 
30 2 2 0 508 356 33 22 1 -1 -1 -1 
31 2 1 0 368 340 119 87 1 -1 -1 -1 
31 2 2 0 508 356 31 22 1 -1 -1 -1 
32 2 1 0 366 340 121 88 1 -1 -1 -1 
32 2 2 0 506 356 34 24 1 -1 -1 -1 
33 2 1 0 365 340 121 88 1 -1 -1 -1 
33 2 2 0 505 356 34 24 1 -1 -1 -1 
34 2 1 0 365 340 120 88 1 -1 -1 -1 
34 2 2 0 504 356 33 24 1 -1 -1 -1 
35 2 1 0 364 339 121 90 1 -1 -1 -1 
35 2 2 0 502 355 36 26 1 -1 -1 -1 
36 2 1 0 364 340 120 89 1 -1 -1 -1 
36 2 2 0 498 356 37 26 1 -1 -1 -1 
37 2 1 0 363 339 122 91 1 -1 -1 -1 
37 2 2 0 497 356 38 26 1 -1 -1 -1 
38 2 1 0 362 340 122 90 1 -1 -1 -1 
38 2 2 0 496 357 37 25 1 -1 -1 -1 
39 2 1 0 360 339 124 92 1 -1 -1 -1 
39 2 2 0 494 356 37 28 1 -1 -1 -1 
40 2 1 0 359 339 125 92 1 -1 -1 -1 
40 2 2 0 492 356 39 29 1 -1 -1 -1 
41 2 1 0 359 340 124 91 1 -1 -1 -1 
41 2 2 0 487 355 44 31 1 -1 -1 -1 
42 2 1 0 359 339 124 93 1 -1 -1 -1 
42 2 2 0 483 355 47 31 1 -1 -1 -1 
43 2 1 0 357 338 127 95 1 -1 -1 -1 
43 2 2 0 483 355 45 31 1 -1 -1 -1 
44 2 1 0 357 338 127 95 1 -1 -1 -1 
44 2 2 0 482 355 44 32 1 -1 -1 -1 
45 2 1 0 357 338 126 95 1 -1 -1 -1 
45 2 2 0 480 354 46 34 1 -1 -1 -1 
46 2 1 0 356 338 127 94 1 -1 -1 -1 
46 2 2 0 479 355 45 33 1 -1 -1 -1 
47 2 1 0 356 338 126 94 1 -1 -1 -1 
47 2 2 0 476 355 47 35 1 -1 -1 -1 
48 2 1 0 356 338 126 94 1 -1 -1 -1 
48 2 2 0 475 354 48 36 1 -1 -1 -1 
49 2 1 0 357 339 123 93 1 -1 -1 -1 
49 2 2 0 472 355 47 36 1 -1 -1 -1 
50 2 1 0 356 338 125 95 1 -1 -1 -1 
50 2 2 0 471 356 46 36 1 -1 -1 -1 
51 2 1 0 356 338 126 93 1 -1 -1 -1 
51 2 2 0 469 355 45 38 1 -1 -1 -1 
52 2 1 0 357 339 124 92 1 -1 -1 -1 
52 2 2 0 465 354 47 41 1 -1 -1 -1 
53 2 1 0 356 338 126 94 1 -1 -1 -1 
53 2 2 0 463 353 50 43 1 -1 -1 -1 
54 2 1 0 357 338 125 94 1 -1 -1 -1 
54 2 2 0 464 354 44 43 1 -1 -1 -1 
55 2 1 0 357 339 126 93 1 -1 -1 -1 
55 2 2 0 463 354 43 45 1 -1 -1 -1 
56 2 1 0 357 339 126 93 1 -1 -1 -1 
56 2 2 0 460 352 42 49 1 -1 -1 -1 
57 2 1 0 357 339 134 92 1 -1 -1 -1 
57 2 2 0 460 350 39 53 1 -1 -1 -1 
58 2 1 0 359 340 132 90 1 -1 -1 -1 
59 2 1 0 358 339 133 91 1 -1 -1 -1 
60 2 1 0 359 340 130 90 1 -1 -1 -1 
61 2 1 0 354 338 129 94 1 -1 -1 -1 
62 2 1 0 354 337 129 96 1 -1 -1 -1 
63 2 1 0 354 338 129 95 1 -1 -1 -1 
64 2 1 0 348 338 138 95 1 -1 -1 -1 
65 2 1 0 348 337 142 97 1 -1 -1 -1 
66 2 1 0 349 338 141 96 1 -1 -1 -1 
67 2 1 0 350 338 134 96 1 -1 -1 -1 
67 2 2 0 458 352 39 53 1 -1 -1 -1 
68 2 1 0 349 338 144 95 1 -1 -1 -1 
68 2 2 0 458 352 40 51 1 -1 -1 -1 
69 2 1 0 353 339 130 94 1 -1 -1 -1 
69 2 2 0 459 352 40 50 1 -1 -1 -1 
70 2 1 0 353 338 133 96 1 -1 -1 -1 
70 2 2 0 457 352 45 52 1 -1 -1 -1 
71 2 1 0 354 338 128 95 1 -1 -1 -1 
71 2 2 0 457 351 48 50 1 -1 -1 -1 
72 2 1 0 356 338 125 95 1 -1 -1 -1 
72 2 2 0 461 353 46 48 1 -1 -1 -1 
73 2 1 0 357 338 125 94 1 -1 -1 -1 
73 2 2 0 462 353 47 47 1 -1 -1 -1 
74 2 1 0 358 339 125 93 1 -1 -1 -1 
74 2 2 0 463 353 49 45 1 -1 -1 -1 
75 2 1 0 359 339 124 92 1 -1 -1 -1 
75 2 2 0 463 353 49 44 1 -1 -1 -1 
76 2 1 0 362 340 120 90 1 -1 -1 -1 
76 2 2 0 466 353 47 43 1 -1 -1 -1 
77 2 1 0 363 340 119 90 1 -1 -1 -1 
77 2 2 0 467 353 47 42 1 -1 -1 -1 
78 2 1 0 363 339 121 91 1 -1 -1 -1 
78 2 2 0 468 354 47 41 1 -1 -1 -1 
79 2 1 0 365 339 120 90 1 -1 -1 -1 
79 2 2 0 471 354 45 39 1 -1 -1 -1 
80 2 1 0 365 340 121 89 1 -1 -1 -1 
80 2 2 0 472 354 46 38 1 -1 -1 -1 
81 2 1 0 366 340 121 88 1 -1 -1 -1 
81 2 2 0 476 354 44 38 1 -1 -1 -1 
82 2 1 0 369 341 118 86 1 -1 -1 -1 
82 2 2 0 478 354 42 37 1 -1 -1 -1 
83 2 1 0 370 341 116 86 1 -1 -1 -1 
83 2 2 0 477 353 46 38 1 -1 -1 -1 
84 2 1 0 372 341 116 86 1 -1 -1 -1 
84 2 2 0 480 353 44 36 1 -1 -1 -1 
85 2 1 0 372 341 119 87 1 -1 -1 -1 
85 2 2 0 482 353 42 35 1 -1 -1 -1 
86 2 1 0 375 340 116 86 1 -1 -1 -1 
86 2 2 0 483 354 42 34 1 -1 -1 -1 
87 2 1 0 376 340 116 85 1 -1 -1 -1 
87 2 2 0 485 355 40 32 1 -1 -1 -1 
88 2 1 0 378 342 114 83 1 -1 -1 -1 
88 2 2 0 485 354 41 33 1 -1 -1 -1 
89 2 1 0 379 341 114 83 1 -1 -1 -1 
89 2 2 0 485 355 42 31 1 -1 -1 -1 
90 2 1 0 381 342 112 81 1 -1 -1 -1 
90 2 2 0 487 355 40 31 1 -1 -1 -1 
91 2 1 0 381 341 113 82 1 -1 -1 -1 
91 2 2 0 489 355 40 31 1 -1 -1 -1 
92 2 1 0 382 342 110 80 1 -1 -1 -1 
92 2 2 0 488 355 40 31 1 -1 -1 -1 
93 2 1 0 382 341 110 81 1 -1 -1 -1 
93 2 2 0 488 355 40 31 1 -1 -1 -1 
94 2 1 0 381 341 113 82 1 -1 -1 -1 
94 2 2 0 488 355 40 31 1 -1 -1 -1 
95 2 1 0 382 342 111 80 1 -1 -1 -1 
95 2 2 0 488 355 40 31 1 -1 -1 -1 
